scores: [0.889002575134354, 0.8613805084336977, 0.8535081578946009, 0.8608198706133219, 0.7788683033180236, 0.9934459909910919, 0.8143483643251995, 0.863386770369743, 0.8718427403129267, 0.8699648922195828, 0.826700482302906, 0.9448125215483618, 0.8480844345207347, 0.9102097624917764, 0.8562015005731874, 0.8068161116648094, 0.9790607464869895, 0.8464099095567379, 0.9256621961787943, 0.9878561200923521]
evaluation_score: 0.879
cost: 0.41064999999999996
